{
 "cells": [
  {
   "cell_type": "code",
   "execution_count": 66,
   "metadata": {},
   "outputs": [],
   "source": [
    "import numpy as np\n",
    "\n",
    "c = np.array([5., 2., 3., -16., 1., 3., -3., -12.])\n",
    "b = np.array([-2., -4., -2.])\n",
    "matrix_A = np.array([[-2., -1., 1., -7., 0., 0., 0., 2.],\n",
    "              [4., 2., 1., 0., 1., 5., -1.,-5.],\n",
    "              [1., 1., 0., -1., 0., 3., -1., 1.],])\n",
    "initial_j_b = np.array([1, 2, 3])\n",
    "y_0 = np.array([1., 2., -1.])"
   ]
  },
  {
   "cell_type": "code",
   "execution_count": 67,
   "metadata": {},
   "outputs": [],
   "source": [
    "def dual_simplex_method(matrix_A, b, c, initial_j_b, y_0):\n",
    "    n = len(c)\n",
    "    initial_j_b = initial_j_b - 1\n",
    "    x_0 = [0 for _ in range(n)]\n",
    "    delta = find_coplan(y_0, matrix_A, c)\n",
    "    i = 1\n",
    "    \n",
    "    while True:\n",
    "        j_n = np.delete(np.arange(n), initial_j_b)\n",
    "        basis_matrix = matrix_A[:, initial_j_b]\n",
    "        inverse_basis_matrix = np.linalg.inv(basis_matrix)\n",
    "        pseudo_plan = inverse_basis_matrix @ b\n",
    "        print(\"Итерация \", i, \"\\nА: \", basis_matrix, \"\\nB: \", inverse_basis_matrix, \"\\nПсевдоплан: \", np.round(pseudo_plan, 4))\n",
    "        \n",
    "        if(min(pseudo_plan) >= 0):\n",
    "            for index, value in zip(initial_j_b, pseudo_plan):\n",
    "                x_0[index] = value\n",
    "            print(\"\\nОптимальный план\", np.round(x_0, 4), \"\\nИтераций: \", i)\n",
    "            break\n",
    "        k = np.argmin(pseudo_plan)\n",
    "        j_k = initial_j_b[k]\n",
    "        print(\"Basis index j_k: \", j_k)\n",
    "        my = inverse_basis_matrix[k] @ matrix_A\n",
    "        print(\"Mu values: \", my)\n",
    "        sigma = []\n",
    "        for index in j_n:\n",
    "            if my[index] >= 0:\n",
    "                sigma.append(np.inf)\n",
    "            else:\n",
    "                sigma.append(- delta[index] / my[index])\n",
    "        print(\"Sigmas value: \", np.round(sigma, 4))\n",
    "        sigma_0 = min(sigma)\n",
    "        print(\"Minimal sigma is: \", np.round(sigma_0, 4))\n",
    "        sigma_j = j_n[np.argmin(sigma)]\n",
    "        print(\"Minimal sigma’s index is: \", sigma_j)\n",
    "            \n",
    "        negative_elements_indexes = get_negative_elements_indexes(pseudo_plan)\n",
    "        if len(negative_elements_indexes) == 0:\n",
    "            break\n",
    "\n",
    "        y_0 = y_0 + sigma_0 * inverse_basis_matrix[k]\n",
    "        delta = delta + sigma_0 * my\n",
    "        initial_j_b[k] = sigma_j\n",
    "        print(\"Новый двойственный план: \", np.round(y_0, 4), \"\\nНовый коплан: \", np.round(delta, 4), \"\\nНовый базис: \", initial_j_b + 1)\n",
    "        i += 1 \n",
    "                \n",
    "def find_coplan(y_0, A, c):\n",
    "    return y_0 @ A - c\n",
    "\n",
    "def get_negative_elements_indexes(elements_list):\n",
    "    return [index for index, value in enumerate(elements_list) if value < 0]"
   ]
  },
  {
   "cell_type": "code",
   "execution_count": 68,
   "metadata": {},
   "outputs": [
    {
     "name": "stdout",
     "output_type": "stream",
     "text": [
      "Итерация  1 \n",
      "А:  [[-2. -1.  1.]\n",
      " [ 4.  2.  1.]\n",
      " [ 1.  1.  0.]] \n",
      "B:  [[-0.33333333  0.33333333 -1.        ]\n",
      " [ 0.33333333 -0.33333333  2.        ]\n",
      " [ 0.66666667  0.33333333  0.        ]] \n",
      "Псевдоплан:  [ 1.3333 -3.3333 -2.6667]\n",
      "Basis index j_k:  1\n",
      "Mu values:  [ 0.00000000e+00  1.00000000e+00 -5.55111512e-17 -4.33333333e+00\n",
      " -3.33333333e-01  4.33333333e+00 -1.66666667e+00  4.33333333e+00]\n",
      "Sigmas value:  [2.3077 3.        inf 1.2       inf]\n",
      "Minimal sigma is:  1.2\n",
      "Minimal sigma’s index is:  6\n",
      "Новый двойственный план:  [1.4 1.6 1.4] \n",
      "Новый коплан:  [ 0.   1.2 -0.   4.8  0.6  9.2  0.   8.2] \n",
      "Новый базис:  [1 7 3]\n",
      "Итерация  2 \n",
      "А:  [[-2.  0.  1.]\n",
      " [ 4. -1.  1.]\n",
      " [ 1. -1.  0.]] \n",
      "B:  [[-0.2  0.2 -0.2]\n",
      " [-0.2  0.2 -1.2]\n",
      " [ 0.6  0.4 -0.4]] \n",
      "Псевдоплан:  [-0.  2. -2.]\n",
      "Basis index j_k:  2\n",
      "Mu values:  [-5.55111512e-17 -2.00000000e-01  1.00000000e+00 -3.80000000e+00\n",
      "  4.00000000e-01  8.00000000e-01  0.00000000e+00 -1.20000000e+00]\n",
      "Sigmas value:  [6.     1.2632    inf    inf 6.8333]\n",
      "Minimal sigma is:  1.2632\n",
      "Minimal sigma’s index is:  3\n",
      "Новый двойственный план:  [2.1579 2.1053 0.8947] \n",
      "Новый коплан:  [-0.      0.9474  1.2632  0.      1.1053 10.2105  0.      6.6842] \n",
      "Новый базис:  [1 7 4]\n",
      "Итерация  3 \n",
      "А:  [[-2.  0. -7.]\n",
      " [ 4. -1.  0.]\n",
      " [ 1. -1. -1.]] \n",
      "B:  [[ 0.05263158  0.36842105 -0.36842105]\n",
      " [ 0.21052632  0.47368421 -1.47368421]\n",
      " [-0.15789474 -0.10526316  0.10526316]] \n",
      "Псевдоплан:  [-0.8421  0.6316  0.5263]\n",
      "Basis index j_k:  0\n",
      "Mu values:  [ 1.00000000e+00  3.15789474e-01  4.21052632e-01  0.00000000e+00\n",
      "  3.68421053e-01  7.36842105e-01  5.55111512e-17 -2.10526316e+00]\n",
      "Sigmas value:  [  inf   inf   inf   inf 3.175]\n",
      "Minimal sigma is:  3.175\n",
      "Minimal sigma’s index is:  7\n",
      "Новый двойственный план:  [ 2.325  3.275 -0.275] \n",
      "Новый коплан:  [ 3.175  1.95   2.6    0.     2.275 12.55   0.     0.   ] \n",
      "Новый базис:  [8 7 4]\n",
      "Итерация  4 \n",
      "А:  [[ 2.  0. -7.]\n",
      " [-5. -1.  0.]\n",
      " [ 1. -1. -1.]] \n",
      "B:  [[-0.025 -0.175  0.175]\n",
      " [ 0.125 -0.125 -0.875]\n",
      " [-0.15  -0.05   0.05 ]] \n",
      "Псевдоплан:  [0.4 2.  0.4]\n",
      "\n",
      "Оптимальный план [0.  0.  0.  0.4 0.  0.  2.  0.4] \n",
      "Итераций:  4\n"
     ]
    }
   ],
   "source": [
    "dual_simplex_method(matrix_A, b, c, initial_j_b, y_0)"
   ]
  },
  {
   "cell_type": "code",
   "execution_count": null,
   "metadata": {},
   "outputs": [],
   "source": []
  }
 ],
 "metadata": {
  "kernelspec": {
   "display_name": "Python 3",
   "language": "python",
   "name": "python3"
  },
  "language_info": {
   "codemirror_mode": {
    "name": "ipython",
    "version": 3
   },
   "file_extension": ".py",
   "mimetype": "text/x-python",
   "name": "python",
   "nbconvert_exporter": "python",
   "pygments_lexer": "ipython3",
   "version": "3.7.3"
  }
 },
 "nbformat": 4,
 "nbformat_minor": 2
}
